Multiple size <= 100
TEST 1 ARG:53 79 17 40 7 2 90 58 22 74 35 86 44 64 15 16 94 57 12 23 8 14 51 52 41 18 34 60 80 0 81 70 38 46 36 50 98 65 20 30 67 24 11 96 62 27 48 54 5 45 84 76 25 26 75 13 19 71 37 92 59 63 73 55 32 61 69 29 88 85 31 9 1 82 66 78 42 10 99 77 93 97 6 91 21 89 4 87 68 28 83 95 43 33 47 3 56 49 39 72 
TEST 2 ARG:14 79 89 29 43 83 0 12 81 93 76 34 56 9 99 65 75 24 96 25 64 69 92 49 91 73 37 27 33 62 77 80 22 57 61 4 42 54 19 95 72 35 84 48 47 97 87 20 41 44 21 78 28 70 66 15 40 63 16 90 53 6 39 68 85 38 55 1 7 98 46 3 50 8 32 13 74 45 60 67 51 52 94 26 59 17 18 71 31 23 86 30 5 10 58 2 88 36 82 11 
TEST 3 ARG:30 98 95 48 10 19 35 17 53 87 46 72 80 76 18 75 99 55 71 51 50 60 85 15 25 65 96 36 12 37 1 20 86 9 58 39 59 94 77 62 8 38 5 73 33 43 42 4 3 54 91 27 67 92 49 89 45 32 70 64 78 24 13 83 74 88 0 81 57 6 93 11 61 68 40 28 47 26 16 66 23 29 56 21 63 41 52 2 90 44 69 34 79 14 84 82 22 31 97 7 
TEST 4 ARG:21 26 3 39 88 55 40 1 49 77 9 15 74 43 63 42 10 62 32 14 5 67 22 37 47 28 0 34 70 92 29 2 17 23 45 30 35 71 68 46 18 65 6 98 11 60 80 33 76 66 50 44 4 79 61 54 95 78 38 72 12 24 99 91 16 75 57 7 19 73 85 58 53 51 56 52 90 96 93 89 31 25 97 8 94 48 41 81 82 13 27 84 69 59 87 36 83 64 20 86 
TEST 5 ARG:5 11 29 32 54 7 26 33 79 63 28 89 25 97 76 90 17 13 62 30 38 24 92 72 9 0 57 84 4 58 77 75 21 23 87 56 27 35 66 69 2 74 71 81 50 49 60 51 22 16 86 88 43 83 52 39 82 45 94 42 36 85 93 12 20 95 68 31 19 78 98 8 59 34 55 91 18 64 44 1 73 46 41 47 40 48 6 65 99 61 80 37 70 15 53 14 3 96 67 10 
TEST 6 ARG:48 73 58 72 51 2 32 26 60 50 36 3 84 53 6 63 17 47 90 31 62 70 39 8 25 68 21 64 93 71 24 94 19 83 57 0 75 79 16 80 76 46 14 59 42 45 5 95 38 55 49 4 37 89 82 86 40 23 43 66 65 7 34 11 91 12 10 35 97 22 96 61 88 15 28 81 30 69 99 92 41 87 44 29 56 77 85 33 98 74 18 52 13 54 27 9 67 1 20 78 
TEST 7 ARG:52 90 28 29 34 88 78 89 85 60 4 50 43 16 74 82 26 76 72 9 46 73 98 5 59 71 22 7 75 19 77 96 55 95 12 31 57 68 36 3 44 94 65 92 63 13 40 53 27 67 86 15 11 51 93 1 84 48 30 62 32 66 42 99 24 35 37 21 45 14 56 97 41 80 64 87 69 58 23 10 79 20 61 33 81 0 8 6 70 54 17 39 18 2 91 49 25 83 47 38 
TEST 8 ARG:99 81 43 18 78 76 44 92 61 26 57 31 62 95 60 52 29 93 83 9 11 6 4 56 5 37 1 49 36 65 53 77 48 72 2 63 45 12 22 8 16 21 46 88 66 96 14 59 7 24 19 82 69 34 55 86 20 68 51 32 17 54 91 71 79 64 23 25 28 67 0 98 94 27 38 33 41 84 74 30 87 39 42 70 10 58 73 85 75 15 97 47 50 13 3 40 80 89 90 35 
TEST 9 ARG:15 91 92 8 24 63 1 20 55 84 54 80 67 36 76 22 99 39 16 14 30 9 79 57 29 21 18 61 5 58 82 95 47 74 86 33 13 90 26 98 31 52 45 3 73 35 23 46 40 89 48 25 38 28 0 43 64 17 19 81 6 44 32 42 62 77 97 66 51 4 94 75 85 87 7 50 53 65 2 59 71 72 83 93 69 56 10 41 49 88 12 60 27 68 11 78 34 96 70 37 
TEST 10 ARG:63 83 66 26 32 71 86 67 78 56 35 88 60 31 64 27 84 49 89 77 5 74 37 2 40 94 51 69 54 93 7 10 20 55 38 52 62 18 99 96 22 13 76 75 65 3 6 39 17 0 80 14 44 23 41 46 47 34 19 43 98 15 21 72 4 87 82 30 97 70 58 85 57 11 61 81 36 59 45 24 90 29 91 53 79 33 42 50 8 95 12 1 68 16 48 73 9 28 25 92 
TEST 11 ARG:60 13 46 6 39 69 32 15 27 33 63 71 36 70 1 58 14 67 42 10 2 95 89 16 66 4 17 65 80 29 64 24 78 52 93 96 45 85 90 40 25 34 56 55 53 68 12 76 61 54 72 23 62 99 92 48 41 5 7 98 26 94 44 30 97 81 31 51 86 22 3 19 79 91 59 82 87 88 49 18 11 50 83 37 38 74 75 20 43 77 57 0 73 21 35 47 9 28 84 8 
TEST 12 ARG:32 63 24 46 78 1 87 45 18 51 4 23 70 66 71 49 75 88 13 40 92 79 29 61 21 57 69 20 43 98 84 11 27 48 58 56 81 62 25 97 83 67 36 0 80 42 82 59 85 38 55 7 2 76 22 74 35 37 33 3 53 77 26 96 10 44 41 68 12 95 8 19 73 5 31 52 99 16 89 30 47 14 65 15 60 6 86 72 90 93 91 34 94 64 28 50 39 17 9 54 
TEST 13 ARG:82 78 32 89 76 69 3 31 51 84 79 6 23 26 77 59 87 58 73 7 27 88 63 81 90 43 65 96 44 54 41 14 30 8 16 11 4 68 95 80 48 93 57 1 42 29 17 35 18 49 56 52 98 39 24 85 13 9 94 0 20 71 36 91 25 62 92 53 72 50 66 86 47 75 33 28 15 2 67 40 19 34 64 99 10 46 37 74 61 70 5 45 22 60 21 38 55 97 12 83 
TEST 14 ARG:39 13 11 74 93 41 77 92 19 9 20 69 4 49 91 44 76 62 61 68 42 63 52 71 15 37 95 82 16 12 78 34 31 5 96 45 57 79 88 22 29 98 3 70 73 66 94 99 36 2 24 32 97 75 27 81 84 64 14 47 72 43 56 46 51 18 65 87 23 21 25 0 6 17 7 48 10 60 50 40 38 85 80 55 90 67 59 1 30 35 83 54 89 53 28 8 58 26 86 33 
TEST 15 ARG:16 23 85 0 65 20 6 48 2 72 63 49 41 3 76 52 27 44 42 40 54 8 18 13 28 10 5 90 31 95 15 58 14 83 74 35 94 53 46 79 93 7 39 1 30 71 81 51 24 37 69 55 80 73 82 66 38 77 57 47 22 29 70 96 9 86 4 78 11 12 62 43 92 36 50 26 59 89 21 99 68 33 97 56 98 88 17 34 87 64 75 84 61 25 91 60 45 19 32 67 
TEST 16 ARG:79 81 47 1 37 26 56 49 85 74 6 45 66 99 22 72 50 35 36 51 73 14 54 67 11 68 4 48 65 61 46 60 24 34 55 29 62 23 31 92 97 83 78 93 25 3 89 52 71 57 95 0 18 2 44 32 38 70 53 17 42 80 33 96 30 91 10 86 58 28 8 12 98 13 5 69 39 20 21 7 82 84 16 41 64 77 63 43 40 27 87 94 19 88 15 90 75 9 76 59 
TEST 17 ARG:90 64 54 82 67 83 88 11 48 74 25 26 33 16 46 0 86 14 53 63 5 12 59 40 35 58 85 27 49 96 18 20 42 13 2 57 24 87 95 78 21 47 34 39 79 51 70 60 19 69 52 10 38 8 17 6 36 43 65 77 7 97 68 73 81 56 91 50 94 30 9 72 62 29 66 92 45 32 3 80 76 28 75 89 4 55 31 71 61 93 37 44 98 1 22 84 41 15 23 99 
TEST 18 ARG:74 71 35 58 82 13 70 77 52 89 12 90 16 10 53 86 15 65 62 72 20 18 1 28 19 78 81 42 57 0 56 55 97 11 59 40 96 29 61 75 99 14 80 79 49 54 92 8 46 85 66 98 50 41 22 6 30 48 91 23 26 93 95 21 5 27 2 67 73 94 9 36 45 3 69 64 33 31 17 68 39 32 60 76 51 38 83 63 43 4 25 7 24 44 88 87 37 84 47 34 
TEST 19 ARG:92 45 24 86 87 79 58 51 1 95 37 15 78 40 44 22 93 7 70 13 20 97 82 52 67 11 30 99 43 39 25 0 98 76 89 3 27 47 77 68 14 21 12 31 36 38 41 85 33 91 54 10 8 57 50 66 28 23 64 83 19 88 84 90 18 94 81 69 74 16 65 5 17 75 62 55 34 59 71 46 49 9 4 42 26 80 96 48 29 32 61 2 56 72 60 6 35 73 63 53 
TEST 20 ARG:52 82 7 89 42 95 87 17 47 44 93 73 56 98 96 55 88 68 59 34 90 26 33 70 4 58 21 49 3 37 75 12 83 32 51 66 28 6 61 45 78 65 97 22 74 54 41 14 38 85 25 77 35 24 19 63 1 64 71 62 39 76 43 13 99 27 80 5 79 72 81 60 67 31 30 11 20 48 50 18 36 84 94 92 2 15 57 9 23 40 16 46 91 86 10 69 29 8 53 0 
